10.04
10.27
9.95
9.90
9.86
9.94
9.92
9.91
9.85
9.88
10.09
9.87
9.87
9.85
9.81
9.98
9.87
9.89
9.88
9.85
10.31
9.88
9.88
9.90
9.95
9.83
9.86
9.86
10.01
9.97
9.85
9.90
9.87
9.86
9.98
9.92
9.77
9.90
9.86
9.88
10.02
9.90
9.94
9.88
9.94
9.89
9.96
9.98
10.05
10.00
10.03
9.88
9.96
9.89
9.87
9.89
9.96
9.87
9.79
9.88
9.86
10.08
9.89
10.05
9.95
9.93
9.87
9.85
10.22
10.06
9.88
9.93
9.87
9.91
9.88
9.96
9.93
10.00
9.89
10.08
9.88
10.33
9.86
9.91
9.98
10.04
9.91
9.98
10.08
9.93
10.01
10.01
9.94
9.96
9.88
9.99
9.95
9.88
9.85
9.95
9.87
9.94
9.82
9.94
10.01
9.87
9.80
9.84
9.90
9.98
9.96
9.96
9.94
9.87
9.92
9.84
9.93
10.26
9.91
9.87
9.89
10.32
9.92
9.95
9.95
10.04
9.99
9.91
10.00
9.84
9.90
9.75
10.04
9.97
9.93
9.93
9.94
9.83
9.91
9.83
9.95
9.97
9.86
9.95
9.93
9.95
9.85
9.93
9.95
9.94
10.33
9.89
9.87
10.13
9.93
9.98
9.87
9.93
9.92
9.95
9.87
9.92
9.96
9.94
9.92
10.00
9.88
9.98
9.90
9.96
10.00
9.86
10.25
10.03
10.25
9.97
9.91
10.23
9.98
9.86
10.30
9.93
9.85
10.07
9.89
9.83
10.00
9.89
10.02
10.03
9.94
9.91
9.95
10.10
9.98
9.89
9.70
9.96
9.92
10.35
10.07
9.94
9.88
9.90
9.82
9.99
9.85
9.97
10.01
9.89
9.87
10.06
9.88
9.91
10.01
9.96
9.86
9.95
9.86
9.92
9.94
9.75
9.82
9.87
9.88
9.94
9.90
9.82
9.93
10.05
9.92
10.04
10.22
10.03
10.05
10.14
10.17
10.21
10.08
10.03
10.04
10.04
10.14
10.01
10.11
10.05
10.04
9.90
10.07
10.01
10.00
10.04
10.01
9.95
9.92
10.08
9.88
9.90
10.25
9.75
9.91
9.97
9.94
10.00
10.04
9.97
10.02
9.96
9.99
9.98
10.00
10.00
9.97
9.98
9.93
9.81
9.92
10.05
10.13
10.16
10.19
9.94
9.99
10.13
10.14
9.99
9.90
9.84
9.87
9.85
10.31
9.85
9.82
9.97
9.97
9.99
10.01
9.95
10.03
9.97