5.01
4.99
5.02
4.99
5.02
5.03
5.03
5.03
5.01
5.00
5.01
5.00
5.00
5.01
5.02
5.03
5.00
4.99
5.01
5.02
4.99
4.98
5.00
5.01
5.00
5.00
5.01
4.98
5.03
5.00
4.98
4.99
5.01
4.99
5.00
5.02
4.97
4.96
5.00
5.00
5.00
4.99
5.01
4.97
4.98
5.01
5.01
5.01
5.01
4.98
5.02
5.00
4.99
5.00
4.97
4.98
4.99
4.98
5.00
4.98
4.99
5.00
4.98
4.98
4.99
5.02
5.00
4.99
5.00
4.99
5.00
5.01
4.97
4.99
4.98
4.98
4.98
4.98
4.99
4.99
4.98
5.00
4.99
4.97
4.98
4.97
4.98
4.98
4.97
4.98
5.00
4.99
4.98
4.99
4.98
4.99
4.97
5.00
5.00
4.98
4.99
4.98
4.99
4.99
5.01
4.99
4.98
4.97
5.00
4.99
5.02
4.98
5.01
5.00
4.98
5.01
4.99
4.98
4.99
4.98
5.01
4.99
4.98
5.01
4.97
4.95
5.01
5.00
4.96
4.98
4.99
4.97
4.99
4.97
4.98
4.98
4.98
4.99
4.97
5.00
4.99
4.97
5.00
4.98
4.99
4.96
5.00
4.98
4.99
4.98
4.97
5.02
4.96
4.99
4.96
5.01
5.01
5.01
4.98
4.98
4.96
4.97
4.98
5.02
4.98
4.97
5.03
4.98
5.00
4.98
5.00
5.00
4.99
4.99
4.97
4.97
5.00
5.01
4.98
5.01
4.99
5.01
4.99
4.99
5.01
5.00
5.01
4.99
5.00
4.97
5.03
5.00
5.01
5.02
5.00
5.04
5.01
4.99
5.01
4.99
5.01
4.99
5.02
5.01
5.01
5.02
4.99
4.97
4.97
5.00
5.02
4.96
4.98
4.97
4.98
4.99
4.97
5.00
4.99
5.01
5.00
5.00
4.96
4.99
5.00
4.96
4.98
4.98
4.95
4.98
5.00
4.97
4.99
4.97
5.00
5.00
5.00
4.98
5.02
5.01
4.98
5.01
4.99
5.02
5.02
4.97
5.02
5.02
5.00
4.98
4.99
4.98
5.00
5.00
4.99
4.99
4.99
4.97
5.00
4.99
4.98
4.99
4.99
4.96
5.01
5.01
5.01
4.97
4.95
5.01
4.97
4.96
4.99
4.97
4.98
4.98
4.97
5.01
4.99
4.97
4.97
4.97
4.98
5.00
4.98
4.98
4.95
4.96
4.96
5.00
4.98
4.96
4.98
4.98
4.97
4.96
5.01
5.03
4.99
4.98